        000000000000000
       01111111111111110                               
      0677007777777007740                              
    001111001111314001111000                            
  003111113601601311111111350                          
  05131033333333333333011111100                       
  051138000000000000001311111640                      
  0623120 0099000000 03135521180                       
   00422109990845555533560121200                       
     000099908084222251860511180                       
       0000000000000006110412180                       
                   0065250411100                       
                  061133304130                        
                 0311111104150                        
               00111111163600                          
              06111110611300000000000000000            
            00111116011350411231111111321120           
          003333501311108555555555555410311100  00000
          081116011111310000000000000001113510  06110
          006660031131113111131111131113111130  0140   
        00003111301555555555555555555555555400 01140   
       001360511300000000000000000000000000000013100   
       001523400000000000000000000000000000413600000   
       001111111115211111111142111111113411111000    
       000000000000000000000000000000000000000      
          002228022220122200222406222002226050        
           0000000000000000000000000000000000        